18860366666
15824866666
17637123456
15664166666
15138900000
15333801111
15378756666
13523452222
18236993333
18703840000
13949040000
13164356789
18838112345
15237112345
15093112345
13460223456
18339934567
13783534567
15093201234
15238601234
17839933888
18137375777
15136425777
15137123666
15093220666
13721425666
18738122666
18039291666
13373912999
15225072666
15890033222
18939510555
15638280555
15638537555
13938279555
13938448000
18736025000
15617633111
13676978789
18439820111
18703822111
18768857000
13783601119
13838262567
18239999910
15736737773
15738337773
15738338883
15738362226
15738367771
15738852229
15838056663
15838105550
15838127779
15838132229
15838169997
15838251117
15838301110
15838396662
15890157772
15890636663
15890638883
15890683335
15890683337
15936272228
15936295552
15936297771
15938712227
15939036665
15981871116
15981903337
15981937770
17803829997
17803863338
17803867779
17803869992
17839953338
17839957771
18236776660
18236779997